0
14.2444535418
1000
3.64347276493
2000
1.23613459242
3000
1.17536927462
4000
1.37256696046
5000
1.33407751645
6000
0.923494075851
7000
0.836500934481
8000
1.03190790867
9000
1.43272298586
10000
1.36374509038
11000
0.924531215467
12000
0.68186818475
13000
0.718780562668
14000
0.505762044835
15000
0.499985310067
16000
0.437781665915
17000
0.357198152515
18000
0.317313174413
19000
0.262119918716
20000
0.266045219612
21000
0.26212961121
22000
0.189888524432
23000
0.162438111405
24000
0.140051962638
25000
0.120979267586
26000
0.105813971737
27000
0.0991528007216
28000
0.0932102202762
29000
0.0880585293185
30000
0.0802158651795
31000
0.0742641796419
32000
0.0674615515649
33000
0.0609265938609
34000
0.0554008739679
35000
0.0499388414592
36000
0.0461544674827
37000
0.0418779132778
38000
0.0389008171682
39000
0.0379492876354
40000
0.0362612724786
41000
0.0340423234125
42000
0.039577882371
43000
0.0374519115303
44000
0.0344782630518
45000
0.0302101723103
46000
0.0278393654778
47000
0.0282986615428
48000
0.0264019893197
49000
0.0251564160926
50000
0.0235494330863
51000
0.0222391923014
52000
0.0205684686486
53000
0.0194903486867
54000
0.0183379324943
55000
0.018573514503
56000
0.0179497412508
57000
0.0169179668493
58000
0.0163245443233
59000
0.0156877489047
60000
0.026149948137
61000
0.0238140509983
62000
0.0205697664072
63000
0.0195949344776
64000
0.0186151609483
65000
0.0175089488031
66000
0.0164484253747
67000
0.0153717314225
68000
0.0144899709742
69000
0.0135420480055
70000
0.0128845779518
71000
0.0127802887953
72000
0.0127062581392
73000
0.0122587615058
74000
0.011590324234
75000
0.0111595588722
76000
0.0106992875927
77000
0.0103188905001
78000
0.00983487922373
79000
0.00987429009708
80000
0.00987175449451
81000
0.00959400988786
82000
0.00921505781761
83000
0.00885543459625
84000
0.00853062660698
85000
0.00826222503543
86000
0.00784623464679
87000
0.00811238806388
88000
0.0080123947486
89000
0.00782791003668
90000
0.00750719534075
91000
0.00726978623449
92000
0.00705636806816
93000
0.00770592807667
94000
0.0076922935779
95000
0.0076881041092
96000
0.00752434661749
97000
0.00725045544765
98000
0.00682445302855
99000
0.00669267060064
100000
0.006418785899
101000
0.00627262090018
102000
0.00609018836921
103000
0.00612843115963
104000
0.00607351246943
105000
0.00587216026602
106000
0.00698807412714
107000
0.00857380464758
108000
0.00791857713442
109000
0.00711973457768
110000
0.00760180986647
111000
0.0074801351237
112000
0.00727501170233
113000
0.00697506414756
114000
0.00664742779584
115000
0.00647134930639
116000
0.00576149209676
117000
0.00578956618063
118000
0.00589316750309
119000
0.00585397064049
120000
0.00571495448657
121000
0.00554448898264
122000
0.00531539126812
123000
0.00519439100451
124000
0.00458094441235
125000
0.0048076397492
126000
0.0048238704428
127000
0.00480507277718
128000
0.0047098445871
129000
0.00459383783971
130000
0.00443180932147
131000
0.00433598816237
132000
0.00384864708887
133000
0.00405690013878
134000
0.00406344022309
135000
0.00406516001381
136000
0.00400517935602
137000
0.00389626447934
138000
0.00380852901541
139000
0.0036539963107
140000
0.00337726156835
141000
0.00349593735278
142000
0.00349330065355
143000
0.00351783236858
144000
0.00346737251597
145000
0.00338378333824
146000
0.00332241820826
147000
0.00314445620966
148000
0.00300092177612
149000
0.00306044453433
150000
0.00305319468464
151000
0.00308906321689
152000
0.00304467971533
153000
0.00299388835265
154000
0.00289644060853
155000
0.0027902965373
156000
0.0026825222636
157000
0.00271215638881
158000
0.00270246100973
159000
0.0027416021084
160000
0.0027156101536
161000
0.00266851988741
162000
0.00256044480299
163000
0.00249448785252
164000
0.00242087546727
165000
0.00241791746276
166000
0.00242176902349
167000
0.00246512618697
168000
0.00244073549601
169000
0.002383746909
170000
0.00230819857114
171000
0.00225062019966
172000
0.00218651146837
173000
0.00215914963856
174000
0.00221164100227
175000
0.00222748025136
176000
0.00220946680878
177000
0.00214851026416
178000
0.00209241425871
179000
0.0020471483864
180000
0.00196966761819
181000
0.00198059334488
182000
0.00200919572363
183000
0.0020261919652
184000
0.00201160577868
185000
0.00195187796615
186000
0.00190925274216
187000
0.00184835899842
188000
0.00181498684145
189000
0.00180757494232
190000
0.00183561135745
191000
0.00186258846199
192000
0.00183416673214
193000
0.00178932486494
194000
0.0017516175576
195000
0.00168083701844
196000
0.00165853238965
197000
0.00166638933897
198000
0.00170306278154
199000
0.00171269309307
200000
0.00168325440521
201000
0.00164615831473
202000
0.0016149396915
203000
0.00151910631228
204000
0.00154304898346
205000
0.00154274628145
206000
0.00158020675909
207000
0.00157606332985
208000
0.0015579030413
209000
0.0015215517734
210000
0.00149292558592
211000
0.0013845905779
212000
0.00143833395061
213000
0.00143656768798
214000
0.0014640397544
215000
0.00145894601769
216000
0.00144368594516
217000
0.00141330549493
218000
0.00138563596313
219000
0.00127760973857
220000
0.00134032132271
221000
0.00133385372184
222000
0.00135978619655
223000
0.00135821755538
224000
0.0013396699272
225000
0.00131874823533
226000
0.00126347667212
227000
0.00121563126193
228000
0.00124918742725
229000
0.0012395429201
230000
0.00126884590763
231000
0.00126511613885
232000
0.00125022234447
233000
0.00123211682287
234000
0.00116090051403
235000
0.00115419360506
236000
0.00116654912082
237000
0.00115574969543
238000
0.00118630990592
239000
0.00118213715211
240000
0.00117247272564
241000
0.00113674137873
242000
0.00109354980165
243000
0.00108916151298
244000
0.00109186359427
245000
0.00108087304924
246000
0.00111068374241
247000
0.00111085595464
248000
0.00109956585062
249000
0.00105513102885
250000
0.00103033415218
251000
0.00102881426384
252000
0.0010206142295
253000
0.00101572354167
254000
0.00104629404625
255000
0.0010445367702
256000
0.00102639935306
257000
0.000994344536689
258000
0.000971821603355
259000
0.000967598594657
260000
0.00095040673366
261000
0.000966925097391
262000
0.000984768448329
263000
0.000984067500226
264000
0.000961804417542
265000
0.000937764276291
266000
0.000918967699404
267000
0.000904375879653
268000
0.000903986924254
269000
0.000911671070061
270000
0.000928901526354
271000
0.00092842832671
272000
0.000904901418158
273000
0.000886307536838
274000
0.000859723412741
275000
0.000860272866648
276000
0.000850936599093
277000
0.000861167306786
278000
0.000883742531685
279000
0.000874196194761
280000
0.000856139850071
281000
0.000839183592442
282000
0.000808718623024
283000
0.000809512056703
284000
0.00080356104561
285000
0.000826316673605
286000
0.0008369093723
287000
0.000825866876675
288000
0.000811034349273
289000
0.000795793736679
290000
0.000755090207452
291000
0.000769874306982
292000
0.000764006852155
293000
0.000789217152402
294000
0.000791150428255
295000
0.00078489408035
296000
0.000769551415647
297000
0.000755170208835
298000
0.000706739583377
299000
0.000734743888608
300000
0.000730085378732
301000
0.000749686902065
302000
0.000750639671076
303000
0.000745289044036
304000
0.000732195499356
305000
0.000717930744527
306000
0.000667160861065
307000
0.000701052574382
308000
0.000694011869862
309000
0.000712514114522
310000
0.000714850782462
311000
0.000707752097054
312000
0.00069808241618
313000
0.000668100831729
314000
0.000649646545899
315000
0.000667608032532
316000
0.000659102680739
317000
0.000679153953094
318000
0.000680024312415
319000
0.000674503405974
320000
0.000665614661299
321000
0.00062566893275
322000
0.0006300781844
323000
0.000635984596626
324000
0.000627073248346
325000
0.000647661634889
326000
0.000648152837218
327000
0.000644616869445
328000
0.000625576436728
329000
0.000601032619867
330000
0.000605850077495
331000
0.000606375022274
332000
0.000597595876175
333000
0.000617679784459
334000
0.000620218851205
335000
0.000615494590905
336000
0.000590742284601
337000
0.000577175827555
338000
0.000582012834475
339000
0.000576767006206
340000
0.000571466410371
341000
0.000591991670375
342000
0.000593148081066
343000
0.000584262656872
344000
0.00056614569523
345000
0.000553706954332
346000
0.000556271577956
347000
0.000546110505729
348000
0.000552788037785
349000
0.00056625001119
350000
0.000567778109595
351000
0.000556154201308
352000
0.000542542380534
353000
0.000531852855453
354000
0.000528148016422
355000
0.000527139371633
356000
0.000529299362541
357000
0.000542292223313
358000
0.00054376647325
359000
0.000531085955145
360000
0.000520480733851
361000
0.000505259515514
362000
0.000509398820819
363000
0.000502659002981
364000
0.000507293433148
365000
0.000523943409094
366000
0.000519349357814
367000
0.000509532275777
368000
0.000499743054282
369000
0.000482425731262
370000
0.00048585662065
371000
0.000479561671428
372000
0.000494611601836
373000
0.000502885058895
374000
0.000497216493215
375000
0.00048923175423
376000
0.000480114218304
377000
0.000457169602119
378000
0.000467118033823
379000
0.000461487416883
380000
0.000479033056044
381000
0.0004815040969
382000
0.000478524284549
383000
0.000470058896763
384000
0.000461337542077
385000
0.000433369267568
386000
0.000451038929446
387000
0.000446549236459
388000
0.0004605997886
389000
0.00046239311625
390000
0.000459849789119
391000
0.000452568073787
392000
0.000443810345724
393000
0.000413816699099
394000
0.000435460914347
395000
0.000429503996783
396000
0.000442845959415
397000
0.000445397927903
398000
0.000441803843076
399000
0.000436241819863
400000
0.000417289160341
401000
0.000407787037071
402000
0.000419292457795
403000
0.000412486333637
404000
0.00042675786952
405000
0.000428345126928
406000
0.0004256523305
407000
0.000420383945051
408000
0.000394656642265
409000
0.00039999518737
410000
0.000403639769215
411000
0.000396641388926
412000
0.000411242924808
413000
0.000412576140584
414000
0.000410907036603
415000
0.00039903700573
416000
0.000383077787849
417000
0.000388543489287
418000
0.000388696650007
419000
0.000381859317695
420000
0.000396143921944
421000
0.000398688955133
422000
0.000396199947119
423000
0.000380366564054
424000
0.000371722774243
425000
0.000376736893028
426000
0.000373286119116
427000
0.000368689898964
428000
0.000383289543534
429000
0.000384877138993
430000
0.000379633193183
431000
0.000367940905753
432000
0.000359978742995
433000
0.000363359249347
434000
0.000356790502973
435000
0.000359827694487
436000
0.000369970323792
437000
0.00037173955514
438000
0.00036460171344
439000
0.000355809820598
440000
0.000348840800538
441000
0.00034812754834
442000
0.000347282837622
443000
0.000347587923253
444000
0.000357411119611
445000
0.000359097904451
446000
0.000351165749758
447000
0.000344284823088
448000
0.000334360813558
449000
0.00033848249045
450000
0.000333593770769
451000
0.00033596103682
452000
0.000348482732943
453000
0.000345847032901
454000
0.000339676479667
455000
0.000333280010959
456000
0.000322033907921
457000
0.000325438405586
458000
0.000320115068706
459000
0.000330764457271
460000
0.000337144445248
461000
0.000333737765501
462000
0.000328759013207
463000
0.00032267992546
464000
0.000307853793225
465000
0.000314986167575
466000
0.000310227688836
467000
0.000323072370361
468000
0.000325302902424
469000
0.000323625371557
470000
0.000318269128846
471000
0.000312405745084
472000
0.000294070953975
473000
0.00030633030435
474000
0.000302465797689
475000
0.000312940622639
476000
0.000314695616821
477000
0.000313275322298
478000
0.000308649653914
479000
0.000302717671713
480000
0.000282795318413
481000
0.000297898468774
482000
0.000293029308553
483000
0.000303025438419
484000
0.000305266484462
485000
0.000303150126325
486000
0.000299546424814
487000
0.000286454646816
488000
0.000280746988137
489000
0.000288814953692
490000
0.000283386168305
491000
0.000294014306823
492000
0.000295585890211
493000
0.000294057819848
494000
0.000290581677372
495000
0.000272592070855
496000
0.000277350050832
497000
0.000279873898358
498000
0.000274334396423
499000
0.000285197162946
500000
0.000286594677519
501000
0.000285686604064
502000
0.000277572127271
503000
0.000266334368846
504000
0.000271159976143
505000
0.00027122530657
506000
0.000265827403546
507000
0.000276482161751
508000
0.000278687021336
509000
0.000277190870449
510000
0.000266179768091
511000
0.000260168347069
512000
0.000264494105699
513000
0.000262089062604
514000
0.000258252238024
515000
0.000269148132995
516000
0.00027066419901
517000
0.000267217238116
518000
0.00025903700235
519000
0.000253483255597
520000
0.000256614451865
521000
0.000252053049149
522000
0.000253498436232
523000
0.000261336510132
524000
0.000262959882495
525000
0.000258135644423
526000
0.000251981693375
527000
0.000247059112006
528000
0.000247329462016
529000
0.000246678423346
530000
0.000246294747068
531000
0.000253911121824
532000
0.000255460796231
533000
0.000250033059345
534000
0.000245201668863
535000
0.000238201165612
536000
0.000241761227021
537000
0.000238090429872
538000
0.000239389644805
539000
0.000249086304578
540000
0.000247403154284
541000
0.000243168155028
542000
0.000238655695148
543000
0.000230741650534
544000
0.000233696201381
545000
0.000229328525764
546000
0.000237254479266
547000
0.000242265317155
548000
0.000240009493263
549000
0.000236614158428
550000
0.000232269120607
551000
0.000221869383267
552000
0.000227227275699
553000
0.000223282155496
554000
0.000233076538007
555000
0.000234973239341
556000
0.000233924794009
557000
0.00023023585216
558000
0.000226021274948
559000
0.000213035556396
560000
0.000222066066065
561000
0.000218812598815
562000
0.000226899934181
563000
0.000228449576675
564000
0.000227571278566
565000
0.000224378217116
566000
0.000220092630258
567000
0.000205860873996
568000
0.000217022891863
569000
0.000213034152776
570000
0.000220781893901
571000
0.000222672440635
572000
0.000221300635922
573000
0.000218780752087
574000
0.000209187086598
575000
0.000205411468409
576000
0.000211402232174
577000
0.000207013944614
578000
0.000215224068172
579000
0.000216626745208
580000
0.000215670851605
581000
0.000213210038652
582000
0.000199912510083
583000
0.000203929127036
584000
0.000205796752212
585000
0.000201335572364
586000
0.000209725209776
587000
0.000211003686214
588000
0.000210462316726
589000
0.000204563328903
590000
0.000196212588366
591000
0.000200280407814
592000
0.000200320580546
593000
0.000195976549748
594000
0.000204223241902
595000
0.000206080669201
596000
0.000205099992712
597000
0.000196995892518
598000
0.000192565759465
599000
0.000196176839596
600000
0.000194416569876
601000
0.000191220719095
602000
0.000199659208988
603000
0.000201001312496
604000
0.000198568939584
605000
0.000192522201754
606000
0.000188420732035
607000
0.000191129633328
608000
0.000187788980403
609000
0.000188462217032
610000
0.000194676998253
611000
0.000196090610124
612000
0.000192614639663
613000
0.000188064310116
614000
0.000184395440212
615000
0.000184999443863
616000
0.00018449719007
617000
0.000183859948227
618000
0.00018991566491
619000
0.000191268636435
620000
0.000187322812818
621000
0.000183742241184
622000
0.000178532659136
623000
0.000181524039506
624000
0.000178676635439
625000
0.00017941992983
626000
0.000187130062952
627000
0.000185974134923
628000
0.000182889222164
629000
0.000179533626206
630000
0.000173653560457
631000
0.000176148526798
632000
0.000172554240731
633000
0.000178681815723
634000
0.000182702509386
635000
0.000181106686527
636000
0.00017864612385
637000
0.000175385187554
638000
0.000167675392313
639000
0.000171845605092
640000
0.000168562876586
641000
0.000176273671764
642000
0.000177870805886
643000
0.000177166495199
644000
0.000174473967968
645000
0.000171297940922
646000
0.000161603905535
647000
0.00016854212084
648000
0.000165802371564
649000
0.000172227397181
650000
0.000173561892783
651000
0.000172978811186
652000
0.000170644931016
653000
0.000167403445382
654000
0.000156714580512
655000
0.000165308744787
656000
0.000162005612792
657000
0.00016817969765
658000
0.000169767850258
659000
0.000168817221598
660000
0.0001669586636
661000
0.000159623321126
662000
0.000156954883082
663000
0.000161586417523
664000
0.000157982126137
665000
0.000164511303148
666000
0.000165729645972
667000
0.00016508930703
668000
0.00016325804006
669000
0.000153024464563
670000
0.000156388711562
671000
0.000157832867496
672000
0.000154175952536
673000
0.000160848562506
674000
0.000161974941017
675000
0.000161630886517
676000
0.000157148853392
677000
0.000150695773832
678000
0.00015410476589
679000
0.000154136378961
680000
0.000150575439757
681000
0.000157145903307
682000
0.000158708901935
683000
0.000158025288722
684000
0.000151810082538
685000
0.000148406860835
686000
0.000151417769506
687000
0.000150078408712
688000
0.000147396561406
689000
0.000154123654753
690000
0.000155288149724
691000
0.000153482948639
692000
0.000148830397791
693000
0.000145674616931
694000
0.000147983383441
695000
0.000145436097126
696000
0.000145708779723
697000
0.000150748035598
698000
0.000151964172287
699000
0.000149342032824
700000
0.00014584012406
701000
0.000142997404534
702000
0.000143695398218
703000
0.000143301301448
704000
0.000142588519957
705000
0.000147509980485
706000
0.000148676909773
707000
0.000145680110881
708000
0.000142919719064
709000
0.000138888997494
710000
0.000141400347032
711000
0.00013913071425
712000
0.000139563584511
713000
0.000145832712581
714000
0.000144995871216
715000
0.00014264962181
716000
0.000140056003949
717000
0.000135511573367
718000
0.000137615209666
719000
0.000134625372671
720000
0.0001395041363
721000
0.000142794270105
722000
0.000141609797905
723000
0.000139746336233
724000
0.000137208624994
725000
0.000131259613595
726000
0.000134596747347
727000
0.000131838912287
728000
0.000138065471788
729000
0.000139415604991
730000
0.000138916696948
731000
0.000136866401232
732000
0.000134387039327
733000
0.000126867578727
734000
0.000132369055833
735000
0.000130045703699
736000
0.000135270143957
737000
0.000136415401728
738000
0.00013600744932
739000
0.00013422862694
740000
0.000131691035798
741000
0.000123362334597
742000
0.000130187015289
743000
0.000127417217179
744000
0.000132449967179
745000
0.000133791991473
746000
0.00013309995401
747000
0.00013167394419
748000
0.000125882238242
749000
0.000123903151936
750000
0.000127593985464
751000
0.000124588176325
752000
0.000129903230314
753000
0.000130955987017
754000
0.000130504625067
755000
0.000129089986547
756000
0.000120968970769
757000
0.000123800828616
758000
0.000124953585398
759000
0.000121907285503
760000
0.000127340302733
761000
0.000128322798695
762000
0.000128093622956
763000
0.000124572779769
764000
0.000119435011858
765000
0.000122307687371
766000
0.000122335603146
767000
0.000119368323309
768000
0.000124725950172
769000
0.000126050056555
770000
0.000125551023735
771000
0.000120632807458
772000
0.000117935195313
773000
0.000120464878593
774000
0.000119413811814
775000
0.000117140713617
776000
0.000122628836779
777000
0.000123636293706
778000
0.00012224503282
779000
0.000118553973114
780000
0.000116049336968
781000
0.000118018419266
782000
0.000116014173911
783000
0.000116070189897
784000
0.000120234566541
785000
0.000121281456713
786000
0.000119233802418
787000
0.000116455173513
788000
0.000114186571048
789000
0.000114884593617
790000
0.00011456933869
791000
0.000113857006615
792000
0.00011793170631
793000
0.000118938483934
794000
0.000116585740822
795000
0.000114392473558
796000
0.00011117986321
797000
0.000113302927194
798000
0.000111452793356
799000
0.000111703205118
800000
0.000116897045
801000
0.00011626646194
802000
0.000114422566484
803000
0.000112357641954
804000
0.000108738532025
805000
0.000110523363682
806000
0.000108005872846
807000
0.000111982357568
808000
0.000114721070378
809000
0.00011380923394
810000
0.000112349967854
811000
0.000110318875889
812000
0.000105586869725
813000
0.000108317466557
814000
0.000105975486325
815000
0.000111108088129
816000
0.000112258606166
817000
0.000111890509807
818000
0.000110277989742
819000
0.000108288714847
820000
0.000102282888636
821000
0.000106753849572
822000
0.000104766001953
823000
0.000109096239263
824000
0.000110082883393
825000
0.000109785666248
826000
0.000108385796939
827000
0.000106345282273
828000
9.96697650991e-05
829000
0.000105222180193
830000
0.000102871307875
831000
0.000107051079303
832000
0.000108195162609
833000
0.000107671928992
834000
0.000106543976
835000
0.000101854451345
836000
0.000100331807828
837000
0.000103343567504
838000
0.0001008022518
839000
0.00010521238775
840000
0.000106124386094
841000
0.00010579343191
842000
0.000104668479451
843000
9.80661984009e-05
844000
0.000100470842687
845000
0.000101413609961
846000
9.88397175654e-05
847000
0.000103348923894
848000
0.00010420582045
849000
0.000104047613456
850000
0.000101208769314
851000
9.70206475748e-05
852000
9.946290429e-05
853000
9.94886255935e-05
854000
9.69804187146e-05
855000
0.000101432467173
856000
0.000102564246289
857000
0.000102186641573
858000
9.81976044288e-05
859000
9.60061162768e-05
860000
9.81527221919e-05
861000
9.73070667387e-05
862000
9.53606262582e-05
863000
9.99231537029e-05
864000
0.000100797632467
865000
9.96935027661e-05
866000
9.6693651224e-05
867000
9.46568416987e-05
868000
9.63461769621e-05
869000
9.47292476084e-05
870000
9.46655970262e-05
871000
9.81627410952e-05
872000
9.9068561321e-05
873000
9.74257317025e-05
874000
9.51671929888e-05
875000
9.33141306301e-05
876000
9.39755660123e-05
877000
9.37187501357e-05
878000
9.30390044982e-05
879000
9.64662424327e-05
880000
9.73390314554e-05
881000
9.54432610991e-05
882000
9.36585484966e-05
883000
9.10372731065e-05
884000
9.28485789685e-05
885000
9.13120931167e-05
886000
9.14511230058e-05
887000
9.58226008314e-05
888000
9.53322680753e-05
889000
9.38453701181e-05
890000
9.21623537574e-05
891000
8.92112187473e-05
892000
9.07385894688e-05
893000
8.85938412841e-05
894000
9.18972567483e-05
895000
9.42107639996e-05
896000
9.34883917782e-05
897000
9.23152206076e-05
898000
9.06528174567e-05
899000
8.67977790988e-05
900000
8.90732098942e-05
901000
8.70634410124e-05
902000
9.13668172456e-05
903000
9.23560946223e-05
904000
9.20756020058e-05
905000
9.07746683876e-05
906000
8.9143253916e-05
907000
8.42342484568e-05
908000
8.79403766479e-05
909000
8.62240664344e-05
910000
8.98708893889e-05
911000
9.07263298304e-05
912000
9.0502695509e-05
913000
8.93728486114e-05
914000
8.76964059108e-05
915000
8.22247324043e-05
916000
8.68312121143e-05
917000
8.48136117257e-05
918000
8.83396347452e-05
919000
8.93241061284e-05
920000
8.89164456972e-05
921000
8.80024005797e-05
922000
8.41274750845e-05
923000
8.29217609026e-05
924000
8.54268209069e-05
925000
8.32520107616e-05
926000
8.6969892357e-05
927000
8.77642375795e-05
928000
8.75138079103e-05
929000
8.65982475307e-05
930000
8.11246456255e-05
931000
8.31860905035e-05
932000
8.3972127973e-05
933000
8.17702591557e-05
934000
8.55726970865e-05
935000
8.63228697251e-05
936000
8.62105802047e-05
937000
8.38731299444e-05
938000
8.03932659314e-05
939000
8.24894100125e-05
940000
8.2513422148e-05
941000
8.03667424703e-05
942000
8.41248566253e-05
943000
8.51011750287e-05
944000
8.48071206608e-05
945000
8.15065879193e-05
946000
7.96906583243e-05
947000
8.15307283367e-05
948000
8.08362723823e-05
949000
7.91533500838e-05
950000
8.30062431642e-05
951000
8.37695575093e-05
952000
8.28725330292e-05
953000
8.03862910963e-05
954000
7.86970912627e-05
955000
8.01574142379e-05
956000
7.8826092603e-05
957000
7.86964215761e-05
958000
8.16737426078e-05
959000
8.24627184202e-05
960000
8.11157641777e-05
961000
7.92437577302e-05
962000
7.77013214042e-05
963000
7.83135836518e-05
964000
7.8100939258e-05
965000
7.74660928943e-05
966000
8.03878031606e-05
967000
8.11492651142e-05
968000
7.9589362032e-05
969000
7.81087455294e-05
970000
7.59289460712e-05
971000
7.74888607602e-05
972000
7.61927946167e-05
973000
7.62619283086e-05
974000
7.99910155998e-05
975000
7.95999618321e-05
976000
7.83757713297e-05
977000
7.69776484245e-05
978000
7.45247206066e-05
979000
7.58434899475e-05
980000
7.39965856468e-05
981000
7.6784564303e-05
982000
7.87638468337e-05
983000
7.81781920624e-05
984000
7.7214822106e-05
985000
7.58290893994e-05
986000
7.26272189275e-05
987000
7.45524202573e-05
988000
7.28109482105e-05
989000
7.64708963487e-05
990000
7.73290916982e-05
991000
7.71096730448e-05
992000
7.60382749611e-05
993000
7.46761423233e-05
994000
7.05877630965e-05
995000
7.37103612489e-05
996000
7.22156330806e-05
997000
7.532862681e-05
998000
7.60755890641e-05
999000
7.59028361193e-05
Value
[[ 0.18  0.2   0.23  0.25  0.28  0.31  0.28  0.25  0.28  0.31]
 [ 0.2   0.23  0.25  0.28  0.31  0.35  0.31  0.28  0.31  0.35]
 [ 0.18  0.    0.    0.    0.    0.39  0.    0.    0.    0.39]
 [ 0.17  0.18  0.2  -0.82  0.    0.43  0.48  0.53  0.48  0.43]
 [ 0.18  0.2   0.22  0.2   0.   -0.1  -0.47  0.59  0.53  0.48]
 [ 0.2   0.23  0.25  0.23  0.    1.   -0.1   0.66 -0.41  0.43]
 [ 0.23  0.25  0.28  0.25  0.    0.9   0.81  0.73 -0.34  0.48]
 [ 0.25  0.28  0.31 -0.65  0.   -0.19 -0.27  0.66  0.59  0.53]
 [ 0.28  0.31  0.35  0.39  0.43  0.48  0.53  0.59  0.53  0.48]
 [ 0.25  0.28  0.31  0.35  0.39  0.43  0.48  0.52  0.48  0.43]]
Policy
[[' d  ' '   r' '   r' '   r' '   r' ' d  ' ' d  ' ' d  ' '   r' ' d  ']
 ['   r' '   r' '   r' '   r' '   r' ' d  ' '  l ' '  l ' '   r' ' d  ']
 ['u   ' '    ' '    ' '    ' '    ' ' d  ' '    ' '    ' '    ' ' d  ']
 [' d  ' ' d  ' ' d  ' '  l ' '    ' '   r' '   r' ' d  ' ' d  ' ' d  ']
 [' d  ' ' d  ' ' d  ' '  l ' '    ' ' d  ' '   r' ' d  ' '  l ' '  l ']
 [' d  ' ' d  ' ' d  ' ' d  ' '    ' ' ** ' '  l ' ' d  ' '  l ' ' d  ']
 [' d  ' '   r' ' d  ' '  l ' '    ' 'u   ' '  l ' '  l ' '  l ' ' d  ']
 ['   r' '   r' ' d  ' ' d  ' '    ' 'u   ' 'u   ' 'u   ' '  l ' '  l ']
 ['   r' '   r' '   r' '   r' '   r' '   r' '   r' 'u   ' 'u   ' '  l ']
 ['   r' 'u   ' 'u   ' '   r' '   r' 'u   ' 'u   ' 'u   ' 'u   ' 'u   ']]